
# isaac's mean estimates
seed_survival <- c(
    vero = 0.9654804,
    trcy = 0.9693324
)

germination <- c(
    vero = 0.9641188,
    trcy = 0.4743974
)

# maximum allowable number of PLANTS at equilibrium
gN_max <- c(
    vero = 500,
    trcy = 500
)
